62.10798636394907
63.00496212720031
64.29046975245225
65.39088712222635
66.14838773662152
66.86974359253102
67.89866969675265
69.18279896072121
70.29224670433635
70.82211560688029
70.75494010307882
70.45785281130237
70.3198936373297
70.36358406193776
70.26443556486214
69.83529556097835
69.43378364841578
69.73924762300673
71.05393565814192
72.86166341755369
74.12104395707041
74.03833670483253
72.66323463678215
70.83668782567952
69.48853620873982
68.7962508680854
67.9733857320217
66.02856693072658
62.84504344641181
59.449584931449046
57.150528300266345
56.480370517881916
57.00998071036728
58.00683151337998
59.07270790075472
60.20522826701037
61.468998828933366
62.71154238187018
63.626626090063084
64.18320993239915
64.96503316704828
66.82009872756684
69.99254463329564
73.74876995271072
77.0215200009924
79.30400410810414
80.78912966411656
81.84663435733529
82.6995980307057
83.59719063564442
84.92731222719031
86.87527306921343
89.05310721263436
90.68729929632408
91.20850393443075
90.56632376583589
89.03534066617388
86.931702948469
84.5667513581566
82.26666599904334
80.26810126564688
78.635279856394
77.32684882554192
76.28435046395177
75.44182866072421
74.73409614962011
74.15088994012432
73.76349097928286
73.65449507069788
73.78639336403529
73.93499396865099
73.81279180238724
73.31535044837455
72.6229017410991
72.00294352899598
71.51987369903873
70.96778368273263
70.06130570361894
68.65934091388401
66.83484783935513
64.78403902921902
62.688563245710704
60.66427820022041
58.811235564821054
57.23902848684326
56.01350115539023
55.131904955361776
54.57586177786277
54.339807781599134
54.39283223859557
54.661068480749506
55.05661114097893
55.4864513675521
55.84862406737318
56.075362765335825
56.176482711940196
56.207373269627354
